Color 0 1 1 1 1
Color 1 0.5 0.5 0.5 1
Color 2 0.152941 0.180392 0.2 1
Color 3 0.152941 0.180392 0.2 1
Color 4 0.286275 0.231373 0.25098 1
Color 5 0.309804 0.356863 0.345098 1
Color 6 0.654902 0.752941 0.501961 1
Color 7 0.219608 0.294118 0.333333 1
Color 8 0.458824 0.733333 0.701961 1
Color 9 0.458824 0.733333 0.701961 1
Color 10 0.117647 0.137255 0.14902 1
Color 11 0.180392 0.219608 0.235294 1
Color 12 0 0 0 0.51
Color 13 0.14 0.14 0.14 1
Color 14 0.215686 0.254902 0.270588 1
Color 15 0.654902 0.752941 0.501961 1
Color 16 0.654902 0.752941 0.501961 1
Color 17 0.513726 0.752941 0.572549 1
Color 18 0.654902 0.752941 0.501961 1
Color 19 0.654902 0.752941 0.501961 1
Color 20 0.858824 0.737255 0.498039 1
Color 21 0.215686 0.254902 0.270588 1
Color 22 0.654902 0.752941 0.501961 1
Color 23 0.513726 0.752941 0.572549 1
Color 24 0.254902 0.294118 0.313726 1
Color 25 0.219608 0.294118 0.333333 1
Color 26 0.309804 0.356863 0.345098 1
Color 27 0.654902 0.752941 0.501961 1
Color 28 0.235294 0.282353 0.254902 1
Color 29 0.654902 0.752941 0.501961 1
Color 30 0.298039 0.215686 0.262745 1
Color 31 0.901961 0.494118 0.501961 1
Color 32 0.839216 0.6 0.713726 1
Color 33 0.654902 0.752941 0.501961 1
Color 34 0.309804 0.356863 0.345098 1
Color 35 0.513726 0.752941 0.572549 1
Color 36 0.235294 0.282353 0.254902 1
Color 37 0.309804 0.356863 0.345098 1
Color 38 0.235294 0.282353 0.254902 1
Color 39 0.235294 0.282353 0.254902 1
Color 40 0.901961 0.494118 0.501961 1
Color 41 0.901961 0.494118 0.501961 1
Color 42 0.901961 0.494118 0.501961 1
Color 43 0.901961 0.494118 0.501961 1
Color 44 0.152941 0.180392 0.2 1
Color 45 0.215686 0.254902 0.270588 1
Color 46 0.254902 0.294118 0.313726 1
Color 47 0.152941 0.180392 0.2 1
Color 48 1 1 1 0.06
Color 49 0.901961 0.494118 0.501961 1
Color 50 0.901961 0.596078 0.458824 1
Color 51 0.858824 0.737255 0.498039 1
Color 52 0.498039 0.733333 0.701961 1
Color 53 1 1 1 0.7
Color 54 0.8 0.8 0.8 0.2
Color 55 0.8 0.8 0.8 0.35
Color 56 0.8 0.8 0.8 0.2
Color 57 0.8 0.8 0.8 0.35
Alpha 1
DisabledAlpha 0.6
WindowPadding 6 6
WindowRounding 10
WindowBorderSize 0
WindowMinSize 32 32
WindowTitleAlign 0 0.5
WindowMenuButtonPosition 0
ChildRounding 4
ChildBorderSize 1
PopupRounding 2
PopupBorderSize 0
FramePadding 4 2
FrameRounding 4
FrameBorderSize 0
ItemSpacing 10 4
ItemInnerSpacing 4 4
CellPadding 4 2
TouchExtraPadding 0 0
IndentSpacing 24
ColumnsMinSpacing 6
ScrollbarSize 12
ScrollbarRounding 4
GrabMinSize 14
GrabRounding 4
LogSliderDeadzone 4
TabRounding 4
TabBorderSize 0
TabMinWidthForCloseButton 0
DisplayWindowPadding 19 19
DisplaySafeAreaPadding 3 3
MouseCursorScale 1
AntiAliasedLines 1
AntiAliasedLinesUseTex 1
AntiAliasedFill 1
CurveTessellationTol 1.25
CircleTessellationMaxError 0.1
